"D:\Program Folders\Anaconda3\python.exe" "D:/School Files/Programming/Minlateration/multiple.py"
[multiple_multilateration] circles_copy init: [[[6, 27], 3, 1], [[3, 25], 2, 2], [[0, 30], 4, 3], [[27, 27], 3, 4], [[26, 27], 2.15, 0], [[24, 30], 4, 1], [[22, 22], 4, 2], [[28, 4], 1.5, 3], [[26, 3], 2, 4], [[25.77, 5.5], 2.755, 0], [[3, 3], 1.5, 1], [[4.5, 3.5], 2, 2], [[19, 11], 1.5, 3], [[20, 14], 2, 4]]
--- Iteration 0 ---
[[[26, 27], 2.15, 0], [[25.77, 5.5], 2.755, 0]]
[array([26, 27]), array([ 25.77,   5.5 ])]
[[[6, 27], 3, 1], [[24, 30], 4, 1], [[3, 3], 1.5, 1]]
[array([ 6, 27]), array([24, 30]), array([3, 3])]
[[[3, 25], 2, 2], [[22, 22], 4, 2], [[4.5, 3.5], 2, 2]]
[array([ 3, 25]), array([22, 22]), array([ 4.5,  3.5])]
[[[0, 30], 4, 3], [[28, 4], 1.5, 3], [[19, 11], 1.5, 3]]
[array([ 0, 30]), array([28,  4]), array([19, 11])]
[[[27, 27], 3, 4], [[26, 3], 2, 4], [[20, 14], 2, 4]]
[array([27, 27]), array([26,  3]), array([20, 14])]
[multiple_multilateration] min_fun_vals_list [{'fun': 16.980071752366094, 'index': 0, 'p': array([ 27.89787533,  18.73527867])}, {'fun': 35.86572030044909, 'index': 1, 'p': array([ 14.61358806,  25.0554176 ])}, {'fun': 30.155047334532973, 'index': 2, 'p': array([  8.20702992,  20.49617742])}, {'fun': 32.80542648673303, 'index': 3, 'p': array([ 20.56552712,  10.70018005])}, {'fun': 21.329376691063175, 'index': 4, 'p': array([ 21.58718178,  13.76790906])}]
--- Iteration 1 ---
[[[27, 27], 3, 0], [[26, 27], 2.15, 0], [[22, 22], 4, 0]]
[array([27, 27]), array([26, 27]), array([22, 22])]
[[[24, 30], 4, 1]]
[array([24, 30])]
[[[6, 27], 3, 2], [[3, 25], 2, 2], [[0, 30], 4, 2], [[3, 3], 1.5, 2], [[4.5, 3.5], 2, 2]]
[array([ 6, 27]), array([ 3, 25]), array([ 0, 30]), array([3, 3]), array([ 4.5,  3.5])]
[[[28, 4], 1.5, 3], [[26, 3], 2, 3], [[25.77, 5.5], 2.755, 3], [[19, 11], 1.5, 3]]
[array([28,  4]), array([26,  3]), array([ 25.77,   5.5 ]), array([19, 11])]
[[[20, 14], 2, 4]]
[array([20, 14])]
[multiple_multilateration] min_fun_vals_list [{'fun': 0.26357742978001397, 'index': 0, 'p': array([ 24.59226444,  25.19337952])}, {'fun': 6.857970084084286e-05, 'index': 1, 'p': array([ 20.00151082,  29.88760361])}, {'fun': 49.99733056042962, 'index': 2, 'p': array([  4.96527084,  14.16300601])}, {'fun': 14.919990434041607, 'index': 3, 'p': array([ 22.3792241 ,   8.60269046])}, {'fun': 2.8680402612745235, 'index': 4, 'p': array([ 24.85221139,  14.3922507 ])}]
--- Iteration 2 ---
[[[27, 27], 3, 0], [[26, 27], 2.15, 0], [[22, 22], 4, 0]]
[array([27, 27]), array([26, 27]), array([22, 22])]
[[[24, 30], 4, 1]]
[array([24, 30])]
[[[6, 27], 3, 2], [[3, 25], 2, 2], [[0, 30], 4, 2], [[3, 3], 1.5, 2], [[4.5, 3.5], 2, 2]]
[array([ 6, 27]), array([ 3, 25]), array([ 0, 30]), array([3, 3]), array([ 4.5,  3.5])]
[[[28, 4], 1.5, 3], [[26, 3], 2, 3], [[25.77, 5.5], 2.755, 3], [[19, 11], 1.5, 3]]
[array([28,  4]), array([26,  3]), array([ 25.77,   5.5 ]), array([19, 11])]
[[[20, 14], 2, 4]]
[array([20, 14])]
[multiple_multilateration] min_fun_vals_list [{'fun': 0.3558083491128703, 'index': 0, 'p': array([ 24.91688937,  24.87659404])}, {'fun': 5.773519047735931e-06, 'index': 1, 'p': array([ 23.65538495,  26.01487839])}, {'fun': 43.24046954846936, 'index': 2, 'p': array([  1.51367206,  24.17872141])}, {'fun': 15.729779011294582, 'index': 3, 'p': array([ 20.93879774,   5.66700185])}, {'fun': 5.253080672940877, 'index': 4, 'p': array([ 26.88824649,  16.27139593])}]
--- Iteration 3 ---
[[[27, 27], 3, 0], [[26, 27], 2.15, 0], [[22, 22], 4, 0]]
[array([27, 27]), array([26, 27]), array([22, 22])]
[[[24, 30], 4, 1]]
[array([24, 30])]
[[[6, 27], 3, 2], [[3, 25], 2, 2], [[0, 30], 4, 2]]
[array([ 6, 27]), array([ 3, 25]), array([ 0, 30])]
[[[28, 4], 1.5, 3], [[26, 3], 2, 3], [[25.77, 5.5], 2.755, 3], [[3, 3], 1.5, 3], [[4.5, 3.5], 2, 3], [[19, 11], 1.5, 3]]
[array([28,  4]), array([26,  3]), array([ 25.77,   5.5 ]), array([3, 3]), array([ 4.5,  3.5]), array([19, 11])]
[[[20, 14], 2, 4]]
[array([20, 14])]
[multiple_multilateration] min_fun_vals_list [{'fun': 0.3260165264092989, 'index': 0, 'p': array([ 24.34945683,  25.54760227])}, {'fun': 2.821875618685965e-05, 'index': 1, 'p': array([ 26.16802038,  26.63846562])}, {'fun': 28.86524190199527, 'index': 2, 'p': array([ 15.11302836,  24.19362617])}, {'fun': 46.56011897138249, 'index': 3, 'p': array([ 21.77038207,   5.60731029])}, {'fun': 5.292395278155837e-05, 'index': 4, 'p': array([ 19.71317644,  12.02062031])}]
--- Iteration 4 ---
[[[27, 27], 3, 0], [[26, 27], 2.15, 0], [[22, 22], 4, 0]]
[array([27, 27]), array([26, 27]), array([22, 22])]
[[[24, 30], 4, 1]]
[array([24, 30])]
[[[6, 27], 3, 2], [[3, 25], 2, 2], [[0, 30], 4, 2]]
[array([ 6, 27]), array([ 3, 25]), array([ 0, 30])]
[[[28, 4], 1.5, 3], [[26, 3], 2, 3], [[25.77, 5.5], 2.755, 3], [[3, 3], 1.5, 3], [[4.5, 3.5], 2, 3]]
[array([28,  4]), array([26,  3]), array([ 25.77,   5.5 ]), array([3, 3]), array([ 4.5,  3.5])]
[[[19, 11], 1.5, 4], [[20, 14], 2, 4]]
[array([19, 11]), array([20, 14])]
[multiple_multilateration] min_fun_vals_list [{'fun': 0.2539244656212394, 'index': 0, 'p': array([ 24.60800234,  25.18915782])}, {'fun': 4.795487058117942e-06, 'index': 1, 'p': array([ 25.60618042,  26.33663777])}, {'fun': 10.353826888290556, 'index': 2, 'p': array([  1.30874756,  21.637212  ])}, {'fun': 44.60225823872344, 'index': 3, 'p': array([ 26.62805857,   5.07079986])}, {'fun': 6.40302680414443, 'index': 4, 'p': array([ 23.85087327,  14.55267963])}]
--- Iteration 5 ---
[[[27, 27], 3, 0], [[26, 27], 2.15, 0], [[22, 22], 4, 0]]
[array([27, 27]), array([26, 27]), array([22, 22])]
[[[24, 30], 4, 1]]
[array([24, 30])]
[[[6, 27], 3, 2], [[3, 25], 2, 2], [[0, 30], 4, 2], [[3, 3], 1.5, 2], [[4.5, 3.5], 2, 2]]
[array([ 6, 27]), array([ 3, 25]), array([ 0, 30]), array([3, 3]), array([ 4.5,  3.5])]
[[[28, 4], 1.5, 3], [[26, 3], 2, 3], [[25.77, 5.5], 2.755, 3]]
[array([28,  4]), array([26,  3]), array([ 25.77,   5.5 ])]
[[[19, 11], 1.5, 4], [[20, 14], 2, 4]]
[array([19, 11]), array([20, 14])]
[multiple_multilateration] min_fun_vals_list [{'fun': 13.735503146077733, 'index': 0, 'p': array([ 17.89194364,  23.70522834])}, {'fun': 8.118777361421081e-05, 'index': 1, 'p': array([ 27.96813501,  29.49546647])}, {'fun': 43.81726122614641, 'index': 2, 'p': array([  3.55066951,  25.09534025])}, {'fun': 9.4013909597494, 'index': 3, 'p': array([ 24.33440555,   8.79388136])}, {'fun': 10.360670086858157, 'index': 4, 'p': array([ 14.58388273,  17.16811052])}]
--- Iteration 6 ---
[[[22, 22], 4, 0]]
[array([22, 22])]
[[[27, 27], 3, 1], [[26, 27], 2.15, 1], [[24, 30], 4, 1]]
[array([27, 27]), array([26, 27]), array([24, 30])]
[[[6, 27], 3, 2], [[3, 25], 2, 2], [[0, 30], 4, 2]]
[array([ 6, 27]), array([ 3, 25]), array([ 0, 30])]
[[[28, 4], 1.5, 3], [[26, 3], 2, 3], [[25.77, 5.5], 2.755, 3], [[19, 11], 1.5, 3]]
[array([28,  4]), array([26,  3]), array([ 25.77,   5.5 ]), array([19, 11])]
[[[3, 3], 1.5, 4], [[4.5, 3.5], 2, 4], [[20, 14], 2, 4]]
[array([3, 3]), array([ 4.5,  3.5]), array([20, 14])]
[multiple_multilateration] min_fun_vals_list [{'fun': 5.524022120884098e-05, 'index': 0, 'p': array([ 24.13522774,  25.38249086])}, {'fun': 1.4341678903956536, 'index': 1, 'p': array([ 27.85222553,  29.56898693])}, {'fun': 0.2955928953694493, 'index': 2, 'p': array([  2.94338439,  27.11369475])}, {'fun': 11.109206424663284, 'index': 3, 'p': array([ 27.07144252,   5.86234482])}, {'fun': 21.476375033831474, 'index': 4, 'p': array([ 9.08553051,  8.25055466])}]
--- Iteration 7 ---
[[[27, 27], 3, 0], [[26, 27], 2.15, 0], [[22, 22], 4, 0]]
[array([27, 27]), array([26, 27]), array([22, 22])]
[[[24, 30], 4, 1]]
[array([24, 30])]
[[[6, 27], 3, 2], [[3, 25], 2, 2], [[0, 30], 4, 2]]
[array([ 6, 27]), array([ 3, 25]), array([ 0, 30])]
[[[28, 4], 1.5, 3], [[26, 3], 2, 3], [[25.77, 5.5], 2.755, 3], [[19, 11], 1.5, 3], [[20, 14], 2, 3]]
[array([28,  4]), array([26,  3]), array([ 25.77,   5.5 ]), array([19, 11]), array([20, 14])]
[[[3, 3], 1.5, 4], [[4.5, 3.5], 2, 4]]
[array([3, 3]), array([ 4.5,  3.5])]
[multiple_multilateration] min_fun_vals_list [{'fun': 0.25944594563406076, 'index': 0, 'p': array([ 24.64675234,  25.13548517])}, {'fun': 4.55434686976062, 'index': 1, 'p': array([ 27.87474784,  22.37352116])}, {'fun': 0.28235953212480513, 'index': 2, 'p': array([  2.95504808,  27.08466044])}, {'fun': 20.719919331219778, 'index': 3, 'p': array([ 25.09860567,   9.77885857])}, {'fun': 0.00020584856550587283, 'index': 4, 'p': array([ 2.75668141,  4.48030332])}]
--- Iteration 8 ---
[[[27, 27], 3, 0], [[26, 27], 2.15, 0], [[24, 30], 4, 0], [[22, 22], 4, 0]]
[array([27, 27]), array([26, 27]), array([24, 30]), array([22, 22])]
[]
[[[6, 27], 3, 2], [[3, 25], 2, 2], [[0, 30], 4, 2]]
[array([ 6, 27]), array([ 3, 25]), array([ 0, 30])]
[[[28, 4], 1.5, 3], [[26, 3], 2, 3], [[25.77, 5.5], 2.755, 3], [[19, 11], 1.5, 3], [[20, 14], 2, 3]]
[array([28,  4]), array([26,  3]), array([ 25.77,   5.5 ]), array([19, 11]), array([20, 14])]
[[[3, 3], 1.5, 4], [[4.5, 3.5], 2, 4]]
[array([3, 3]), array([ 4.5,  3.5])]
[multiple_multilateration] min_fun_vals_list [{'fun': 0.7832327347955674, 'index': 0, 'p': array([ 24.10549246,  25.78890238])}, {'fun': 4.55434686976062, 'index': 1, 'p': array([ 27.87474784,  22.37352116])}, {'fun': 9.652777442618333, 'index': 2, 'p': array([  7.48025046,  23.38582949])}, {'fun': 17.998251623170475, 'index': 3, 'p': array([ 25.29718412,   8.21361483])}, {'fun': 10.675744710344453, 'index': 4, 'p': array([ 0.5944125 ,  9.54822929])}]
--- Iteration 9 ---
[[[27, 27], 3, 0], [[26, 27], 2.15, 0], [[24, 30], 4, 0], [[22, 22], 4, 0]]
[array([27, 27]), array([26, 27]), array([24, 30]), array([22, 22])]
[]
[[[6, 27], 3, 2], [[3, 25], 2, 2], [[0, 30], 4, 2]]
[array([ 6, 27]), array([ 3, 25]), array([ 0, 30])]
[[[28, 4], 1.5, 3], [[26, 3], 2, 3], [[25.77, 5.5], 2.755, 3], [[19, 11], 1.5, 3], [[20, 14], 2, 3]]
[array([28,  4]), array([26,  3]), array([ 25.77,   5.5 ]), array([19, 11]), array([20, 14])]
[[[3, 3], 1.5, 4], [[4.5, 3.5], 2, 4]]
[array([3, 3]), array([ 4.5,  3.5])]
[multiple_multilateration] min_fun_vals_list [{'fun': 11.0049239354402, 'index': 0, 'p': array([ 20.03258088,  28.34495897])}, {'fun': 4.55434686976062, 'index': 1, 'p': array([ 27.87474784,  22.37352116])}, {'fun': 9.717511682870335, 'index': 2, 'p': array([  8.89759173,  27.21629973])}, {'fun': 34.941932321853656, 'index': 3, 'p': array([ 18.6740018 ,  14.32368849])}, {'fun': 18.289694484951973, 'index': 4, 'p': array([  8.59855248,  12.99036955])}]
--- Iteration 10 ---
[[[24, 30], 4, 0]]
[array([24, 30])]
[[[27, 27], 3, 1], [[26, 27], 2.15, 1], [[22, 22], 4, 1]]
[array([27, 27]), array([26, 27]), array([22, 22])]
[[[6, 27], 3, 2], [[3, 25], 2, 2], [[0, 30], 4, 2]]
[array([ 6, 27]), array([ 3, 25]), array([ 0, 30])]
[[[28, 4], 1.5, 3], [[26, 3], 2, 3], [[25.77, 5.5], 2.755, 3], [[19, 11], 1.5, 3], [[20, 14], 2, 3]]
[array([28,  4]), array([26,  3]), array([ 25.77,   5.5 ]), array([19, 11]), array([20, 14])]
[[[3, 3], 1.5, 4], [[4.5, 3.5], 2, 4]]
[array([3, 3]), array([ 4.5,  3.5])]
[multiple_multilateration] min_fun_vals_list [{'fun': 8.820072869397677e-06, 'index': 0, 'p': array([ 27.80346963,  28.76157789])}, {'fun': 0.2635513435575527, 'index': 1, 'p': array([ 24.59236647,  25.19329149])}, {'fun': 5.276421081886058, 'index': 2, 'p': array([  2.06337438,  23.55497102])}, {'fun': 23.505942366975344, 'index': 3, 'p': array([ 28.52801937,   4.02351994])}, {'fun': 15.587336300802676, 'index': 4, 'p': array([  8.26474882,  11.64069743])}]
--- Iteration 11 ---
[[[24, 30], 4, 0]]
[array([24, 30])]
[[[27, 27], 3, 1], [[26, 27], 2.15, 1], [[22, 22], 4, 1]]
[array([27, 27]), array([26, 27]), array([22, 22])]
[[[6, 27], 3, 2], [[3, 25], 2, 2], [[0, 30], 4, 2]]
[array([ 6, 27]), array([ 3, 25]), array([ 0, 30])]
[[[28, 4], 1.5, 3], [[26, 3], 2, 3], [[25.77, 5.5], 2.755, 3]]
[array([28,  4]), array([26,  3]), array([ 25.77,   5.5 ])]
[[[3, 3], 1.5, 4], [[4.5, 3.5], 2, 4], [[19, 11], 1.5, 4], [[20, 14], 2, 4]]
[array([3, 3]), array([ 4.5,  3.5]), array([19, 11]), array([20, 14])]
[multiple_multilateration] min_fun_vals_list [{'fun': 1.8835135638717304e-05, 'index': 0, 'p': array([ 20.54405322,  27.98597885])}, {'fun': 6.263100011154515, 'index': 1, 'p': array([ 25.42998333,  21.70109323])}, {'fun': 0.28694872534229576, 'index': 2, 'p': array([  2.95645459,  27.09993486])}, {'fun': 24.615268378091532, 'index': 3, 'p': array([ 21.34163155,  12.97410082])}, {'fun': 29.820682427020866, 'index': 4, 'p': array([ 6.31915739,  4.17881941])}]
--- Iteration 12 ---
[[[24, 30], 4, 0]]
[array([24, 30])]
[[[27, 27], 3, 1], [[26, 27], 2.15, 1], [[22, 22], 4, 1]]
[array([27, 27]), array([26, 27]), array([22, 22])]
[[[6, 27], 3, 2], [[3, 25], 2, 2], [[0, 30], 4, 2]]
[array([ 6, 27]), array([ 3, 25]), array([ 0, 30])]
[[[28, 4], 1.5, 3], [[26, 3], 2, 3], [[25.77, 5.5], 2.755, 3], [[19, 11], 1.5, 3], [[20, 14], 2, 3]]
[array([28,  4]), array([26,  3]), array([ 25.77,   5.5 ]), array([19, 11]), array([20, 14])]
[[[3, 3], 1.5, 4], [[4.5, 3.5], 2, 4]]
[array([3, 3]), array([ 4.5,  3.5])]
[multiple_multilateration] min_fun_vals_list [{'fun': 0.00021346187077320167, 'index': 0, 'p': array([ 27.86273416,  28.96193585])}, {'fun': 15.865107369400889, 'index': 1, 'p': array([ 22.67212882,  17.51414222])}, {'fun': 0.29665253551006465, 'index': 2, 'p': array([  2.88099831,  27.05124293])}, {'fun': 27.84055230611627, 'index': 3, 'p': array([ 26.61428636,  11.75243607])}, {'fun': 6.876868261729285e-06, 'index': 4, 'p': array([ 2.75663143,  4.48012429])}]
--- Iteration 13 ---
[[[27, 27], 3, 0], [[26, 27], 2.15, 0], [[24, 30], 4, 0]]
[array([27, 27]), array([26, 27]), array([24, 30])]
[[[22, 22], 4, 1], [[19, 11], 1.5, 1], [[20, 14], 2, 1]]
[array([22, 22]), array([19, 11]), array([20, 14])]
[[[6, 27], 3, 2], [[3, 25], 2, 2], [[0, 30], 4, 2]]
[array([ 6, 27]), array([ 3, 25]), array([ 0, 30])]
[[[28, 4], 1.5, 3], [[26, 3], 2, 3], [[25.77, 5.5], 2.755, 3]]
[array([28,  4]), array([26,  3]), array([ 25.77,   5.5 ])]
[[[3, 3], 1.5, 4], [[4.5, 3.5], 2, 4]]
[array([3, 3]), array([ 4.5,  3.5])]
[multiple_multilateration] min_fun_vals_list [{'fun': 1.4474935207545117, 'index': 0, 'p': array([ 27.83452776,  29.30422205])}, {'fun': 10.07522784477147, 'index': 1, 'p': array([ 20.17205943,  18.99996291])}, {'fun': 35.701724777198706, 'index': 2, 'p': array([ 16.52019805,  21.26013332])}, {'fun': 22.60455124222802, 'index': 3, 'p': array([ 23.99724267,  13.38444999])}, {'fun': 9.906253294837946, 'index': 4, 'p': array([ 10.35777688,   4.36996036])}]
--- Iteration 14 ---
[[[27, 27], 3, 0], [[26, 27], 2.15, 0], [[24, 30], 4, 0]]
[array([27, 27]), array([26, 27]), array([24, 30])]
[[[22, 22], 4, 1]]
[array([22, 22])]
[[[6, 27], 3, 2], [[3, 25], 2, 2], [[0, 30], 4, 2]]
[array([ 6, 27]), array([ 3, 25]), array([ 0, 30])]
[[[28, 4], 1.5, 3], [[26, 3], 2, 3], [[25.77, 5.5], 2.755, 3], [[19, 11], 1.5, 3], [[20, 14], 2, 3]]
[array([28,  4]), array([26,  3]), array([ 25.77,   5.5 ]), array([19, 11]), array([20, 14])]
[[[3, 3], 1.5, 4], [[4.5, 3.5], 2, 4]]
[array([3, 3]), array([ 4.5,  3.5])]
[multiple_multilateration] min_fun_vals_list [{'fun': 11.017495588258335, 'index': 0, 'p': array([ 26.77010464,  21.44251411])}, {'fun': 8.874312509732363e-06, 'index': 1, 'p': array([ 19.89875279,  18.59635032])}, {'fun': 0.27761773694118075, 'index': 2, 'p': array([  2.95455512,  27.06944935])}, {'fun': 17.335328703966017, 'index': 3, 'p': array([ 23.18114152,   6.31488313])}, {'fun': 5.666006744934569, 'index': 4, 'p': array([ 4.02077109,  7.76553643])}]
--- Iteration 15 ---
[[[27, 27], 3, 0], [[26, 27], 2.15, 0], [[24, 30], 4, 0]]
[array([27, 27]), array([26, 27]), array([24, 30])]
[[[22, 22], 4, 1], [[20, 14], 2, 1]]
[array([22, 22]), array([20, 14])]
[[[6, 27], 3, 2], [[3, 25], 2, 2], [[0, 30], 4, 2]]
[array([ 6, 27]), array([ 3, 25]), array([ 0, 30])]
[[[28, 4], 1.5, 3], [[26, 3], 2, 3], [[25.77, 5.5], 2.755, 3], [[19, 11], 1.5, 3]]
[array([28,  4]), array([26,  3]), array([ 25.77,   5.5 ]), array([19, 11])]
[[[3, 3], 1.5, 4], [[4.5, 3.5], 2, 4]]
[array([3, 3]), array([ 4.5,  3.5])]
[multiple_multilateration] min_fun_vals_list [{'fun': 0.0722216866276062, 'index': 0, 'p': array([ 24.14077912,  25.99791366])}, {'fun': 10.891949774893295, 'index': 1, 'p': array([ 27.57374477,  14.55823606])}, {'fun': 0.2818819639093699, 'index': 2, 'p': array([  2.98592744,  27.11086203])}, {'fun': 11.360160571538076, 'index': 3, 'p': array([ 27.69722195,   3.2060378 ])}, {'fun': 0.00010708473990184153, 'index': 4, 'p': array([ 2.75670436,  4.48022702])}]
--- Iteration 16 ---
[[[27, 27], 3, 0], [[26, 27], 2.15, 0], [[24, 30], 4, 0], [[22, 22], 4, 0]]
[array([27, 27]), array([26, 27]), array([24, 30]), array([22, 22])]
[[[19, 11], 1.5, 1], [[20, 14], 2, 1]]
[array([19, 11]), array([20, 14])]
[[[6, 27], 3, 2], [[3, 25], 2, 2], [[0, 30], 4, 2]]
[array([ 6, 27]), array([ 3, 25]), array([ 0, 30])]
[[[28, 4], 1.5, 3], [[26, 3], 2, 3], [[25.77, 5.5], 2.755, 3]]
[array([28,  4]), array([26,  3]), array([ 25.77,   5.5 ])]
[[[3, 3], 1.5, 4], [[4.5, 3.5], 2, 4]]
[array([3, 3]), array([ 4.5,  3.5])]
[multiple_multilateration] min_fun_vals_list [{'fun': 10.216784599436263, 'index': 0, 'p': array([ 21.68120576,  24.13680424])}, {'fun': 6.207820285109023e-05, 'index': 1, 'p': array([ 20.11507616,  12.00326963])}, {'fun': 3.597259906693621, 'index': 2, 'p': array([  4.23850575,  24.63527018])}, {'fun': 2.686841612477931, 'index': 3, 'p': array([ 24.82090089,   2.92754363])}, {'fun': 0.00013381571049086993, 'index': 4, 'p': array([ 3.69353041,  1.66984612])}]
--- Iteration 17 ---
[[[27, 27], 3, 0], [[26, 27], 2.15, 0], [[24, 30], 4, 0], [[22, 22], 4, 0]]
[array([27, 27]), array([26, 27]), array([24, 30]), array([22, 22])]
[[[19, 11], 1.5, 1], [[20, 14], 2, 1]]
[array([19, 11]), array([20, 14])]
[[[6, 27], 3, 2], [[3, 25], 2, 2], [[0, 30], 4, 2]]
[array([ 6, 27]), array([ 3, 25]), array([ 0, 30])]
[[[28, 4], 1.5, 3], [[26, 3], 2, 3], [[25.77, 5.5], 2.755, 3]]
[array([28,  4]), array([26,  3]), array([ 25.77,   5.5 ])]
[[[3, 3], 1.5, 4], [[4.5, 3.5], 2, 4]]
[array([3, 3]), array([ 4.5,  3.5])]
[multiple_multilateration] min_fun_vals_list [{'fun': 0.6476782635743557, 'index': 0, 'p': array([ 24.08917228,  25.94626184])}, {'fun': 0.0004994710502486122, 'index': 1, 'p': array([ 20.11564664,  12.00321759])}, {'fun': 5.166682465359318, 'index': 2, 'p': array([  1.73010733,  23.63660746])}, {'fun': 5.16063103758713, 'index': 3, 'p': array([ 23.13167559,   5.12929869])}, {'fun': 1.7880648792711895e-06, 'index': 4, 'p': array([ 2.75662403,  4.48012256])}]
--- Iteration 18 ---
[[[27, 27], 3, 0], [[26, 27], 2.15, 0], [[24, 30], 4, 0], [[22, 22], 4, 0]]
[array([27, 27]), array([26, 27]), array([24, 30]), array([22, 22])]
[[[19, 11], 1.5, 1], [[20, 14], 2, 1]]
[array([19, 11]), array([20, 14])]
[[[6, 27], 3, 2], [[3, 25], 2, 2], [[0, 30], 4, 2]]
[array([ 6, 27]), array([ 3, 25]), array([ 0, 30])]
[[[28, 4], 1.5, 3], [[26, 3], 2, 3], [[25.77, 5.5], 2.755, 3]]
[array([28,  4]), array([26,  3]), array([ 25.77,   5.5 ])]
[[[3, 3], 1.5, 4], [[4.5, 3.5], 2, 4]]
[array([3, 3]), array([ 4.5,  3.5])]
[multiple_multilateration] min_fun_vals_list [{'fun': 0.7831437416202851, 'index': 0, 'p': array([ 24.10543215,  25.78905916])}, {'fun': 0.00030190556018183656, 'index': 1, 'p': array([ 20.11538985,  12.0031927 ])}, {'fun': 23.084058659654247, 'index': 2, 'p': array([ 10.87130594,  20.26836229])}, {'fun': 10.70403658322882, 'index': 3, 'p': array([ 24.20969335,   9.22058668])}, {'fun': 2.3157013074204258e-05, 'index': 4, 'p': array([ 2.7566417 ,  4.48014754])}]
--- Iteration 19 ---
[[[27, 27], 3, 0], [[26, 27], 2.15, 0], [[24, 30], 4, 0], [[22, 22], 4, 0]]
[array([27, 27]), array([26, 27]), array([24, 30]), array([22, 22])]
[[[19, 11], 1.5, 1], [[20, 14], 2, 1]]
[array([19, 11]), array([20, 14])]
[[[6, 27], 3, 2], [[3, 25], 2, 2], [[0, 30], 4, 2]]
[array([ 6, 27]), array([ 3, 25]), array([ 0, 30])]
[[[28, 4], 1.5, 3], [[26, 3], 2, 3], [[25.77, 5.5], 2.755, 3]]
[array([28,  4]), array([26,  3]), array([ 25.77,   5.5 ])]
[[[3, 3], 1.5, 4], [[4.5, 3.5], 2, 4]]
[array([3, 3]), array([ 4.5,  3.5])]
[multiple_multilateration] min_fun_vals_list [{'fun': 15.027817708208678, 'index': 0, 'p': array([ 21.6058092 ,  22.61965677])}, {'fun': 9.092359574625165, 'index': 1, 'p': array([ 24.64617873,  15.99258935])}, {'fun': 0.25030018696016887, 'index': 2, 'p': array([  2.98146825,  27.00727183])}, {'fun': 3.548033302485622, 'index': 3, 'p': array([ 24.3828324 ,   2.21374888])}, {'fun': 0.0006929680082643497, 'index': 4, 'p': array([ 3.69418625,  1.66954826])}]
[[[6, 27], 3, 2], [[3, 25], 2, 2], [[0, 30], 4, 2], [[27, 27], 3, 0], [[26, 27], 2.15, 0], [[24, 30], 4, 0], [[22, 22], 4, 1], [[28, 4], 1.5, 3], [[26, 3], 2, 3], [[25.77, 5.5], 2.755, 3], [[3, 3], 1.5, 4], [[4.5, 3.5], 2, 4], [[19, 11], 1.5, 1], [[20, 14], 2, 1]]
D:\Program Folders\Anaconda3\lib\site-packages\matplotlib\pyplot.py:524: RuntimeWarning: More than 20 figures have been opened. Figures created through the pyplot interface (`matplotlib.pyplot.figure`) are retained until explicitly closed and may consume too much memory. (To control this warning, see the rcParam `figure.max_open_warning`).
  max_open_warning, RuntimeWarning)

Process finished with exit code 0
